DateTime::2018-11-21 14:57:08.4877||NameSorterController() called...
DateTime::2018-11-21 14:57:08.5324||FileSystemController() called...
DateTime::2018-11-21 14:57:08.5353||ValidateIfFileExists() called...
DateTime::2018-11-21 14:57:08.5379||File exists!
DateTime::2018-11-21 14:57:08.5379||GetUnsortedListOfNames() called...
DateTime::2018-11-21 14:57:08.5403||ValidateFullName() called...
DateTime::2018-11-21 14:57:08.5504||Richard Martin Burgess add to list!
DateTime::2018-11-21 14:57:08.5683||ValidateFullName() called...
DateTime::2018-11-21 14:57:08.5689||Richard Larry Burgess add to list!
DateTime::2018-11-21 14:57:08.5689||ValidateFullName() called...
DateTime::2018-11-21 14:57:08.5689||Richard Benny Larry Burgess add to list!
DateTime::2018-11-21 14:57:08.5699||ValidateFullName() called...
DateTime::2018-11-21 14:57:08.5699||Richard Andrew Larry Burgess add to list!
DateTime::2018-11-21 14:57:08.5720||WriteToScreen() called...
DateTime::2018-11-21 14:57:08.5729||Write to console was successful!
DateTime::2018-11-21 14:57:08.5739||GetSortedListOfNames() called...
DateTime::2018-11-21 14:57:08.5788||Names sorted!
DateTime::2018-11-21 14:57:08.5802||WriteToScreen() called...
DateTime::2018-11-21 14:57:08.5802||Write to console was successful!
DateTime::2018-11-21 14:57:08.5814||WriteSortedListOfNames() called...
DateTime::2018-11-21 14:57:08.5826||Write to File was successful!
